'prod_S3','prod_S2','prod_S1','prod_S0','prod_S4'
0.000000000000000000e+00,0.000000000000000000e+00,0.000000000000000000e+00,0.000000000000000000e+00,0.000000000000000000e+00
0.000000000000000000e+00,0.000000000000000000e+00,0.000000000000000000e+00,0.000000000000000000e+00,0.000000000000000000e+00
1.843728161917345398e-01,1.622280029105224730e-01,1.134996750710584451e-01,6.445765677776330721e-04,1.114462442520316732e-01
3.251637889254730962e-01,4.919082635219947930e-01,6.349025776587858827e-01,1.347056869175040873e-03,7.900262147704263660e-02
0.000000000000000000e+00,0.000000000000000000e+00,0.000000000000000000e+00,0.000000000000000000e+00,0.000000000000000000e+00
0.000000000000000000e+00,0.000000000000000000e+00,0.000000000000000000e+00,0.000000000000000000e+00,0.000000000000000000e+00
3.774181586353291158e-03,9.052231432895116447e-03,5.460126545394763248e-03,1.594996825388440051e-04,1.867920452789248063e-03
0.000000000000000000e+00,0.000000000000000000e+00,0.000000000000000000e+00,0.000000000000000000e+00,0.000000000000000000e+00
5.213135024577536004e-03,6.108050089912924613e-03,3.679053647871084309e-03,1.065499473871735930e-04,2.843437555701473426e-03
0.000000000000000000e+00,0.000000000000000000e+00,0.000000000000000000e+00,0.000000000000000000e+00,0.000000000000000000e+00
5.213135024577563760e-03,6.108050089912958440e-03,3.679053647871043109e-03,1.065499473871735659e-04,2.843437555701489039e-03
0.000000000000000000e+00,0.000000000000000000e+00,0.000000000000000000e+00,0.000000000000000000e+00,0.000000000000000000e+00
0.000000000000000000e+00,0.000000000000000000e+00,0.000000000000000000e+00,0.000000000000000000e+00,0.000000000000000000e+00
0.000000000000000000e+00,0.000000000000000000e+00,0.000000000000000000e+00,0.000000000000000000e+00,0.000000000000000000e+00
0.000000000000000000e+00,0.000000000000000000e+00,0.000000000000000000e+00,0.000000000000000000e+00,0.000000000000000000e+00
0.000000000000000000e+00,0.000000000000000000e+00,0.000000000000000000e+00,0.000000000000000000e+00,0.000000000000000000e+00
0.000000000000000000e+00,0.000000000000000000e+00,0.000000000000000000e+00,0.000000000000000000e+00,0.000000000000000000e+00
1.769794752755931844e-01,3.166429168287082652e-02,1.311147750926489330e-01,9.838099548896656749e-03,1.305619179525294160e-01
0.000000000000000000e+00,0.000000000000000000e+00,0.000000000000000000e+00,0.000000000000000000e+00,0.000000000000000000e+00
0.000000000000000000e+00,0.000000000000000000e+00,0.000000000000000000e+00,0.000000000000000000e+00,0.000000000000000000e+00
0.000000000000000000e+00,0.000000000000000000e+00,0.000000000000000000e+00,0.000000000000000000e+00,0.000000000000000000e+00
2.380385128602609535e-01,3.378699493493197425e-01,1.642815265165102623e-01,5.607381744327862190e-04,1.136412833595726452e-01
5.707686846544893777e-01,5.022642779102125532e-01,3.317561208857438548e-01,2.231341609623549850e-04,8.830562940732021859e-01
1.787923262776372757e-01,2.754547098152422824e-01,1.746511027338653321e-01,1.137575418144317826e-03,1.315741044175312013e-01
2.739433882385260977e-01,1.632303951992288282e-01,5.136607155530573121e-02,3.693598342385269635e-03,1.092248183105865161e-01
0.000000000000000000e+00,0.000000000000000000e+00,0.000000000000000000e+00,0.000000000000000000e+00,0.000000000000000000e+00
0.000000000000000000e+00,0.000000000000000000e+00,0.000000000000000000e+00,0.000000000000000000e+00,0.000000000000000000e+00
0.000000000000000000e+00,0.000000000000000000e+00,0.000000000000000000e+00,0.000000000000000000e+00,0.000000000000000000e+00
2.687075449635348834e-01,4.188865839925682844e-01,4.370027140382877207e-01,1.865218263624579932e-03,1.491465730047989435e-01
0.000000000000000000e+00,0.000000000000000000e+00,0.000000000000000000e+00,0.000000000000000000e+00,0.000000000000000000e+00
0.000000000000000000e+00,0.000000000000000000e+00,0.000000000000000000e+00,0.000000000000000000e+00,0.000000000000000000e+00
7.991579320403027417e-03,4.564334816692878875e-03,1.077221163309565285e-04,2.208384374286146540e-04,5.893389176863664952e-03
